0 579 SFCrime_blocks POLY_ID
1 565      0.00524360319
1 161      0.00441702947
1 164      0.00253508991
1 557      0.00307882442
2 6      0.00562806684
2 263      0.00472974805
2 3      0.00188875059
2 4      0.00376015791
3 5      0.00513224044
3 6      0.00373944673
3 4      0.00187143966
3 2      0.00188875059
4 2      0.00376015791
4 7      0.00373675402
4 3      0.00187143966
4 6      0.00186897339
5 4      0.00487240317
5 8      0.00471072838
5 166      0.00428973527
5 9      0.00464837179
6 173      0.00522012706
6 3      0.00373944673
6 7      0.00186843432
6 4      0.00186897339
7 11      0.00435175302
7 173      0.00393152495
7 6      0.00186843432
7 4      0.00373675402
8 5      0.00471072838
8 9        0.003740802
8 166      0.00186947615
8 165      0.00188461115
9 13      0.00394036709
9 8        0.003740802
9 167      0.00186696751
9 166      0.00187132586
10 170      0.00486926991
10 14      0.00373805008
10 171       0.0032668768
10 179      0.00187007514
11 530      0.00526290943
11 172       0.0049904374
11 7      0.00435175302
11 151      0.00421964657
12 178      0.00373959595
12 176      0.00373598369
12 175      0.00186700485
12 174      0.00187033609
13 9      0.00394036709
13 178      0.00374121303
13 177       0.0018717026
13 167      0.00228062077
14 171      0.00677230877
14 10      0.00373805008
14 179      0.00186800111
14 180      0.00362483459
15 186      0.00712533862
15 185      0.00698333581
15 183      0.00523075168
15 180      0.00423671239
16 188      0.00471027306
16 189       0.0045394604
16 17       0.0017228817
16 187      0.00426732567
17 187      0.00448815388
17 189      0.00364074645
17 16       0.0017228817
17 188      0.00355978464
18 169      0.00470972189
18 192      0.00374216824
18 190      0.00189106183
18 191      0.00187113227
19 191      0.00561306434
19 192      0.00374197649
19 194      0.00236499521
19 193      0.00187083267
20 21      0.00561436569
20 196      0.00373919521
20 197      0.00186903346
20 195      0.00345888083
21 197      0.00374538857
21 22      0.00374313855
21 199      0.00187355955
21 196      0.00187517197
22 196      0.00561829329
22 21      0.00374313855
22 199      0.00186959793
22 198      0.00189376717
23 207      0.00659273101
23 201      0.00380231287
23 203      0.00329643478
23 202      0.00315172717
24 204      0.00684769244
24 207      0.00512497166
24 206      0.00329174504
24 205      0.00469220151
25 23      0.00690438718
25 206       0.0046571521
25 203      0.00385402697
25 207      0.00426030093
26 210      0.00403400575
26 208      0.00281241436
26 209      0.00340484741
26 211      0.00240855588
27 262      0.00435371029
27 211       0.0040730856
27 213      0.00241741955
27 212       0.0018964202
28 569      0.00469227058
28 214      0.00452343709
28 218      0.00348469393
28 220      0.00290026727
29 214      0.00543177979
29 216      0.00376621214
29 217      0.00486334284
29 569      0.00289755471
30 224      0.00493330625
30 223      0.00364072087
30 225      0.00320384837
30 222      0.00336315421
31 229      0.00556404861
31 262      0.00473010372
31 226      0.00259145511
31 225      0.00438499106
32 215      0.00385172809
32 229      0.00373767496
32 228      0.00186764824
32 227      0.00190376363
33 28      0.00477770592
33 34      0.00377368848
33 231      0.00190388175
33 218      0.00254442477
34 232      0.00493623757
34 33      0.00377368848
34 231      0.00186984898
34 233      0.00187138229
35 233      0.00643370292
35 234      0.00429097037
35 36      0.00494170385
35 235      0.00392196017
36 35      0.00494170385
36 237      0.00443490339
36 234      0.00289537669
36 238      0.00376272342
37 238        0.003753468
37 38      0.00375123029
37 242      0.00370613928
37 240      0.00327285547
38 242      0.00538409404
38 241      0.00384799418
38 37      0.00375123029
38 239      0.00378855982
39 236      0.00437334979
39 238      0.00379776656
39 237      0.00417228923
39 242      0.00349574879
40 264      0.00523336121
40 246      0.00399744904
40 245       0.0013191796
40 515      0.00345222455
41 342      0.00410312063
41 55      0.00333505995
41 251      0.00381495696
41 324      0.00298752118
42 459      0.00624068924
42 123      0.00592196336
42 253      0.00395587782
42 122      0.00477584859
43 120      0.00559305162
43 438      0.00539688061
43 254      0.00341484087
43 435       0.0034604589
44 259      0.00514363449
44 257      0.00489610263
44 260      0.00364326761
44 258      0.00449431611
45 331      0.00451403093
45 316      0.00397028946
45 332      0.00293954613
45 330      0.00343517047
46 328      0.00307769878
46 319      0.00307275312
46 318      0.00144283008
46 317      0.00268543889
47 49      0.00304691656
47 325      0.00290763712
47 319      0.00281045402
47 314      0.00240672594
48 256      0.00781767471
48 41      0.00743307371
48 55      0.00773861543
48 322       0.0069251517
49 47      0.00304691656
49 319      0.00276437615
49 325      0.00286789861
49 326      0.00192311383
50 252      0.00259620513
50 325      0.00204595686
50 327     0.000964972618
50 326      0.00180220715
51 328      0.00302579443
51 54      0.00194517192
51 329      0.00147284763
51 337      0.00164465669
52 332      0.00342521073
52 331       0.0016168616
52 334      0.00247238834
52 333      0.00125546486
53 333      0.00274762447
53 336      0.00269908356
53 334      0.00136808766
53 335      0.00164444037
54 56      0.00206176742
54 51      0.00194517192
54 338      0.00193843437
54 337      0.00181755059
55 341      0.00507490285
55 256      0.00492253491
55 342      0.00452970049
55 41      0.00333505995
56 347      0.00239022852
56 338      0.00234113797
56 343     0.000962268896
56 54      0.00206176742
57 340      0.00262357777
57 571      0.00246879158
57 344     0.000961598738
57 338      0.00237878702
58 571      0.00299383442
58 61      0.00297026986
58 352      0.00153298308
58 395      0.00180860542
59 61      0.00257152384
59 348      0.00248164461
59 351      0.00142684362
59 347      0.00202515833
60 95       0.0034244103
60 392      0.00325573294
60 353      0.00313186538
60 391      0.00310610108
61 59      0.00257152384
61 394      0.00245906942
61 62     0.000949557456
61 351      0.00130314691
62 391      0.00248398129
62 351      0.00212406034
62 61     0.000949557456
62 394      0.00151091457
63 396        0.006637178
63 403      0.00592399158
63 399      0.00356566947
63 400      0.00463147695
64 400      0.00457745231
64 403      0.00322946512
64 402      0.00187289716
64 414      0.00298898285
65 66      0.00388102827
65 407      0.00348580095
65 404      0.00190273625
65 405      0.00242433109
66 398      0.00384983894
66 404      0.00374459904
66 405      0.00282949723
66 406      0.00345220647
67 408      0.00331551696
67 412      0.00283115276
67 407      0.00326658141
67 405      0.00202622606
68 412      0.00442407526
68 422      0.00372709109
68 411      0.00266174413
68 410      0.00275491382
69 421      0.00391055196
69 409      0.00390227285
69 567      0.00220434739
69 408      0.00289139648
70 209       0.0045157584
70 208      0.00386413331
70 417      0.00290433612
70 429      0.00362651089
71 72       0.0037510831
71 411      0.00301112716
71 422      0.00326859447
71 451      0.00273759129
72 71       0.0037510831
72 451       0.0033130035
72 424      0.00322883259
72 421      0.00286396852
73 428      0.00446005003
73 416      0.00373543709
73 427      0.00301258314
73 572      0.00339230604
74 572      0.00474502144
74 417      0.00471531269
74 416      0.00267199246
74 428      0.00289741323
75 425      0.00430320612
75 427      0.00406171946
75 426      0.00213124889
75 78      0.00287005201
76 75       0.0053275038
76 78      0.00504436102
76 456      0.00318727007
76 427      0.00354393778
77 78      0.00369872509
77 573      0.00293161864
77 82      0.00334282063
77 452      0.00278786424
78 80      0.00426549182
78 77      0.00369872509
78 79      0.00271522583
78 75      0.00287005201
79 275      0.00409352317
79 573      0.00388396891
79 80      0.00171481155
79 78      0.00271522583
80 274      0.00351610607
80 573      0.00342336209
80 79      0.00171481155
80 275      0.00309675536
81 269      0.00426253353
81 84      0.00408199157
81 451      0.00237537215
81 267      0.00388008099
82 573      0.00428972336
82 77      0.00334282063
82 269      0.00252198837
82 452      0.00302097244
83 270      0.00404942381
83 423       0.0037583337
83 393      0.00336285914
83 267      0.00347529383
84 81      0.00408199157
84 272      0.00302595338
84 268      0.00174536742
84 269      0.00187396129
85 287      0.00429327845
85 271      0.00347509071
85 270       0.0022479001
85 286      0.00205635027
86 273      0.00351678933
86 271      0.00259639601
86 272      0.00190184171
86 574      0.00185966394
87 275       0.0033833894
87 278      0.00336740548
87 456      0.00286060746
87 276      0.00331564933
88 454      0.00437791382
88 280      0.00373786556
88 277      0.00332638881
88 458       0.0036482098
89 276      0.00401135117
89 277      0.00346820471
89 279      0.00169981028
89 293      0.00336876022
90 281       0.0042272741
90 274      0.00421001915
90 275      0.00303396589
90 283      0.00368503286
91 574      0.00388687389
91 285      0.00320243204
91 284      0.00221556838
91 288      0.00248366019
92 282      0.00401647254
92 289      0.00342236266
92 290      0.00333501818
92 283      0.00337070686
93 294      0.00383334901
93 94      0.00378719143
93 292      0.00261795665
93 291      0.00351347728
94 295      0.00454471926
94 93      0.00378719143
94 294      0.00236771217
94 521      0.00312831097
95 394      0.00432763059
95 298      0.00393410595
95 60       0.0034244103
95 297      0.00382035338
96 299      0.00605046403
96 98      0.00554111684
96 97      0.00197717146
96 296      0.00367485416
97 257      0.00617264963
97 296      0.00551228781
97 96      0.00197717146
97 98      0.00361683215
98 257      0.00787441075
98 96      0.00554111684
98 259      0.00538123917
98 97      0.00361683215
99 306      0.00374857628
99 308      0.00350378308
99 100      0.00343471547
99 307      0.00249286679
100 311      0.00343733996
100 99      0.00343471547
100 310        0.002994637
100 309      0.00254636913
101 362      0.00444258629
101 360      0.00332651025
101 311      0.00328230631
101 312      0.00230117791
102 290      0.00461789135
102 103      0.00431272511
102 291      0.00293449873
102 354      0.00318247847
103 359      0.00436733236
103 102      0.00431272511
103 358      0.00219689104
103 290      0.00358188053
104 358      0.00405168409
104 361      0.00398656656
104 362      0.00296028723
104 376      0.00310841695
105 367      0.00394494918
105 308      0.00389088737
105 365      0.00196809098
105 366      0.00200042063
106 367      0.00389173363
106 368      0.00365948159
106 370      0.00220387619
106 441      0.00298078267
107 372      0.00375673378
107 370      0.00374625531
107 371      0.00160449289
107 364      0.00160683192
108 376      0.00454320332
108 380      0.00401100678
108 374      0.00240580953
108 361      0.00266359091
109 376      0.00385690053
109 377      0.00365185009
109 378      0.00360633595
109 359      0.00306554908
110 386      0.00472441768
110 379      0.00452728798
110 111      0.00394478105
110 377      0.00373778356
111 385      0.00431479445
111 110      0.00394478105
111 375      0.00280975034
111 381       0.0037124544
112 469      0.00404520869
112 383      0.00296329631
112 114      0.00187483625
112 384      0.00285254541
113 477      0.00718888529
113 389      0.00521955124
113 551      0.00379600727
113 431       0.0048035481
114 469      0.00474336449
114 384       0.0034875819
114 112      0.00187483625
114 390      0.00228547025
115 116       0.0102146845
115 433      0.00816765485
115 255      0.00585590203
115 432      0.00589270903
116 255      0.00753484123
116 570      0.00670560749
116 434        0.006377777
116 433      0.00253978159
117 437      0.00449261876
117 436      0.00398241588
117 118       0.0022553707
117 440      0.00386220295
118 443      0.00408938273
118 438      0.00404848243
118 440      0.00160684122
118 117       0.0022553707
119 441      0.00321917587
119 442      0.00228517155
119 368        0.002194234
119 128      0.00222445845
120 438      0.00503062589
120 254      0.00491636016
120 445      0.00313229725
120 446      0.00342917263
121 450      0.00679191858
121 448      0.00407517568
121 447      0.00334942926
121 449      0.00320675449
122 253      0.00804507284
122 459      0.00612421646
122 123      0.00336438611
122 42      0.00477584859
123 126      0.00607276647
123 42      0.00592196336
123 122      0.00336438611
123 459       0.0033048703
124 123       0.0117020021
124 122      0.00895739079
124 125      0.00776104182
124 304      0.00351011582
125 577      0.00896056162
125 122      0.00892841422
125 124      0.00776104182
125 304       0.0080437895
126 123      0.00607276647
126 127      0.00594685242
126 459       0.0032133407
126 450      0.00426772841
127 450      0.00822663062
127 126      0.00594685242
127 461      0.00545667027
127 460      0.00561771662
128 442      0.00357133435
128 368      0.00327890386
128 465      0.00315545848
128 119      0.00222445845
129 469      0.00455686539
129 468      0.00332158868
129 470      0.00270882276
129 467      0.00293345748
130 471      0.00415557352
130 468      0.00312135073
130 472      0.00267684689
130 469      0.00309605986
131 474      0.00432013379
131 471        0.003089701
131 476      0.00400243543
131 473      0.00211697915
132 475      0.00456962284
132 477      0.00412049651
132 430      0.00366273441
132 431      0.00408257981
133 497      0.00488141136
133 479      0.00477531531
133 478      0.00325459857
133 138      0.00422357611
134 476      0.00584455961
134 137      0.00454023828
134 482      0.00379399644
134 484       0.0030741381
135 484      0.00561657733
135 137      0.00488440766
135 136       0.0043789876
135 485      0.00446046876
136 490      0.00474681591
136 487      0.00453013025
136 486      0.00445274999
136 135       0.0043789876
137 484      0.00621053962
137 136      0.00590823835
137 134      0.00454023828
137 135      0.00488440766
138 140      0.00507502077
138 496       0.0048432721
138 133      0.00422357611
138 492      0.00401082547
139 138      0.00578123845
139 494      0.00489639048
139 495      0.00371080776
139 492        0.004865576
140 506      0.00493111064
140 495      0.00442322342
140 504       0.0031960754
140 496      0.00362852924
141 497      0.00501736781
141 498      0.00481721004
141 499      0.00394042055
141 479      0.00432028796
142 504      0.00489863695
142 143      0.00247333988
142 506      0.00474530854
142 505      0.00194354054
143 507      0.00605151319
143 506      0.00489832994
143 142      0.00247333988
143 505      0.00440478023
144 489      0.00460599716
144 512      0.00431632118
144 491      0.00184765832
144 513      0.00192235306
145 510      0.00577059905
145 514      0.00463598536
145 146      0.00515706593
145 511      0.00418208015
146 245      0.00563257218
146 145      0.00515706593
146 515      0.00330134071
146 510        0.003454601
147 524      0.00514457947
147 149      0.00485424257
147 518       0.0028420139
147 517      0.00324742665
148 149      0.00645114094
148 526      0.00613135505
148 523      0.00374126345
148 522      0.00187303978
149 518      0.00528874764
149 525       0.0037373608
149 147      0.00485424257
149 524      0.00187056178
150 528      0.00497761398
150 524      0.00471298657
150 525      0.00286681997
150 527      0.00362400055
151 526      0.00429260824
151 11      0.00421964657
151 528      0.00356428885
151 530      0.00363012761
152 156      0.00590209894
152 531      0.00452089743
152 529       0.0047673593
152 532      0.00414719577
153 170      0.00580108726
153 532      0.00463659514
153 533      0.00186985521
153 579      0.00278586969
154 531       0.0063551195
154 536      0.00411890452
154 155      0.00367245115
154 537      0.00339537334
155 531      0.00531190428
155 156      0.00471497577
155 154      0.00367245115
155 537      0.00459562303
156 152      0.00590209894
156 542      0.00577302935
156 541        0.003694077
156 155      0.00471497577
157 543      0.00605110152
157 548      0.00452966924
157 545      0.00525535229
157 542      0.00449421225
158 566      0.00561488665
158 550      0.00557570541
158 540       0.0045122957
158 544      0.00540995242
159 479      0.00598023939
159 539      0.00473132444
159 554      0.00375846517
159 480      0.00382279486
160 558      0.00446917529
160 163      0.00446014595
160 161      0.00256057573
160 555      0.00276306747
161 1      0.00441702947
161 555      0.00391140466
161 163      0.00265093716
161 160      0.00256057573
162 556      0.00496773671
162 546      0.00448552851
162 557       0.0035485533
162 561      0.00359722493
163 558      0.00493506852
163 160      0.00446014595
163 161      0.00265093716
163 564      0.00250595738
164 557      0.00559089804
164 565      0.00272415628
164 163       0.0052723137
164 1      0.00253508991
165 9      0.00562540602
165 169      0.00489534921
165 8      0.00188461115
165 166      0.00375408214
166 165      0.00375408214
166 167       0.0037382933
166 8      0.00186947615
166 9      0.00187132586
167 177      0.00395244186
167 166       0.0037382933
167 9      0.00186696751
167 13      0.00228062077
168 167      0.00476364481
168 13      0.00468712856
168 9      0.00445852078
168 169      0.00455429639
169 165      0.00489534921
169 8       0.0047648428
169 18      0.00470972189
169 168      0.00455429639
170 530      0.00515555318
170 171      0.00488884509
170 10      0.00486926991
170 533      0.00476896755
171 179      0.00497616903
171 170      0.00488884509
171 10       0.0032668768
171 172      0.00444050095
172 170      0.00581875032
172 171      0.00444050095
172 11       0.0049904374
172 173        0.003617817
173 11        0.005590963
173 6      0.00522012706
173 172        0.003617817
173 7      0.00393152495
174 177      0.00373885645
174 175      0.00373730333
174 178      0.00186926202
174 12      0.00187033609
175 568      0.00374141223
175 174      0.00373730333
175 12      0.00186700485
175 176      0.00186913889
176 182        0.003739723
176 12      0.00373598369
176 175      0.00186913889
176 568      0.00187230446
177 167      0.00395244186
177 174      0.00373885645
177 178       0.0018695996
177 13       0.0018717026
178 13      0.00374121303
178 12      0.00373959595
178 177       0.0018695996
178 174      0.00186926202
179 180      0.00524182675
179 10      0.00187007514
179 171      0.00497616903
179 14      0.00186800111
180 183      0.00631859116
180 15      0.00423671239
180 179      0.00524182675
180 14      0.00362483459
181 202      0.00632745885
181 568      0.00566690457
181 182       0.0038157977
181 185      0.00390588065
182 175      0.00560875985
182 181       0.0038157977
182 176        0.003739723
182 568       0.0018674589
183 186      0.00693166489
183 180      0.00631859116
183 548      0.00460257172
183 15      0.00523075168
184 181      0.00708719594
184 23      0.00680303855
184 185       0.0060342265
184 202      0.00365150629
185 202       0.0073926591
185 15      0.00698333581
185 181      0.00390588065
185 184       0.0060342265
186 549      0.00718556215
186 15      0.00712533862
186 183      0.00693166489
186 189        0.006665681
187 560      0.00751157946
187 17      0.00448815388
187 16      0.00426732567
187 188      0.00354842507
188 549      0.00479570319
188 16      0.00471027306
188 17      0.00355978464
188 187      0.00354842507
189 186        0.006665681
189 188      0.00645233048
189 17      0.00364074645
189 16       0.0045394604
190 192      0.00563310361
190 169      0.00491387817
190 18      0.00189106183
190 191      0.00376201532
191 190      0.00376201532
191 193       0.0037424813
191 18      0.00187113227
191 192      0.00187108871
192 18      0.00374216824
192 19      0.00374197649
192 193      0.00187145736
192 191      0.00187108871
193 194      0.00419964726
193 191       0.0037424813
193 19      0.00187083267
193 192      0.00187145736
194 20      0.00600941287
194 200      0.00458206274
194 19      0.00236499521
194 193      0.00419964726
195 21      0.00413189008
195 20      0.00345888083
195 197      0.00256991128
195 196      0.00288874021
196 20      0.00373919521
196 195      0.00288874021
196 21      0.00187517197
196 197      0.00187022515
197 21      0.00374538857
197 195      0.00256991128
197 20      0.00186903346
197 196      0.00187022515
198 190      0.00690834181
198 21      0.00563686463
198 22      0.00189376717
198 199      0.00376330538
199 198      0.00376330538
199 196      0.00374869823
199 22      0.00186959793
199 21      0.00187355955
200 205      0.00618201348
200 201      0.00560209715
200 204       0.0038811378
200 194      0.00458206274
201 200      0.00560209715
201 204      0.00515166725
201 203      0.00490760883
201 23      0.00380231287
202 181      0.00632745885
202 203      0.00505444621
202 23      0.00315172717
202 184      0.00365150629
203 201      0.00490760883
203 25      0.00385402697
203 23      0.00329643478
203 207      0.00368589845
204 207      0.00532287466
204 201      0.00515166725
204 205      0.00286570544
204 200       0.0038811378
205 20      0.00583841805
205 207      0.00560626931
205 204      0.00286570544
205 24      0.00469220151
206 203      0.00600681442
206 25       0.0046571521
206 24      0.00329174504
206 207       0.0027458331
207 24      0.00512497166
207 25      0.00426030093
207 203      0.00368589845
207 206       0.0027458331
208 210      0.00514512966
208 70      0.00386413331
208 209      0.00316764423
208 26      0.00281241436
209 429      0.00398336337
209 26      0.00340484741
209 210      0.00234100969
209 208      0.00316764423
210 211      0.00430111684
210 26      0.00403400575
210 209      0.00234100969
210 223      0.00319972867
211 210      0.00430111684
211 213      0.00417687943
211 27       0.0040730856
211 26      0.00240855588
212 224      0.00454901694
212 262      0.00251962397
212 213      0.00431237652
212 27       0.0018964202
213 26      0.00593725252
213 212      0.00431237652
213 27      0.00241741955
213 211      0.00417687943
214 33      0.00494768386
214 28      0.00452343709
214 569      0.00264084442
214 230      0.00345097556
215 32      0.00385172809
215 216      0.00376842131
215 217      0.00189845322
215 227      0.00198553271
216 569      0.00535025872
216 215      0.00376842131
216 217      0.00186997677
216 29      0.00376621214
217 29      0.00486334284
217 227      0.00385071846
217 216      0.00186997677
217 215      0.00189845322
218 231      0.00419284793
218 219      0.00350949634
218 33      0.00254442477
218 28      0.00348469393
219 235      0.00521560977
219 221      0.00509882766
219 218      0.00350949634
219 220      0.00488137379
220 218      0.00499255117
220 219      0.00488137379
220 28      0.00290026727
220 221       0.0024191328
221 218      0.00661892989
221 28      0.00527785551
221 220       0.0024191328
221 219      0.00509882766
222 454      0.00376596256
222 30      0.00336315421
222 223      0.00317858012
222 455      0.00275603498
223 30      0.00364072087
223 224      0.00321713886
223 222      0.00317858012
223 210      0.00319972867
224 262      0.00439594236
224 225      0.00378875036
224 223      0.00321713886
224 226      0.00370852291
225 31      0.00438499106
225 224      0.00378875036
225 30      0.00320384837
225 226      0.00374612558
226 225      0.00374612558
226 224      0.00370852291
226 31      0.00259145511
226 262      0.00267233487
227 217      0.00385071846
227 228      0.00377135765
227 32      0.00190376363
227 215      0.00198553271
228 232      0.00523628182
228 227      0.00377135765
228 32      0.00186764824
228 229         0.00187003
229 31      0.00556404861
229 232      0.00528373241
229 228         0.00187003
229 32      0.00373767496
230 33      0.00492057876
230 231      0.00489291634
230 214      0.00345097556
230 232       0.0037700432
231 218      0.00419284793
231 233      0.00374123121
231 34      0.00186984898
231 33      0.00190388175
232 228      0.00523628182
232 233      0.00488756507
232 34      0.00493623757
232 230       0.0037700432
233 33      0.00564505853
233 232      0.00488756507
233 34      0.00187138229
233 231      0.00374123121
234 35      0.00429097037
234 36      0.00289537669
234 235      0.00397872257
234 237      0.00256414687
235 218      0.00527515292
235 219      0.00521560977
235 234      0.00397872257
235 35      0.00392196017
236 219      0.00557980464
236 234      0.00455934718
236 237       0.0022546879
236 39      0.00437334979
237 36      0.00443490339
237 39      0.00417228923
237 236       0.0022546879
237 234      0.00256414687
238 39      0.00379776656
238 36      0.00376272342
238 37        0.003753468
238 240      0.00348499648
239 242      0.00728205563
239 37      0.00723277686
239 241      0.00380330967
239 38      0.00378855982
240 38      0.00611742362
240 36      0.00541494263
240 37      0.00327285547
240 238      0.00348499648
241 37      0.00525309934
241 38      0.00384799418
241 242      0.00374024652
241 239      0.00380330967
242 238      0.00516258795
242 241      0.00374024652
242 39      0.00349574879
242 37      0.00370613928
243 211       0.0129609114
243 26       0.0119733251
243 208       0.0116062545
243 213       0.0118756803
244 17        0.013042089
244 16        0.012751205
244 189       0.0102250346
244 184       0.0124337351
245 146      0.00563257218
245 246       0.0029338504
245 40       0.0013191796
245 515      0.00262736969
246 146      0.00771800916
246 515       0.0044196814
246 40      0.00399744904
246 245       0.0029338504
247 116       0.0105685452
247 98      0.00975181168
247 248       0.0067535304
247 259      0.00944912509
248 247       0.0067535304
248 44      0.00656371762
248 259      0.00423748896
248 260      0.00580567771
249 577       0.0129710549
249 250       0.0126928989
249 127       0.0107120471
249 461      0.00649703997
250 144      0.00863299244
250 513      0.00748414235
250 512      0.00530033555
250 514      0.00555893803
251 327      0.00310906037
251 342      0.00182383393
251 340      0.00251365532
251 252      0.00134365442
252 324       0.0031074612
252 327      0.00223102499
252 50      0.00259620513
252 251      0.00134365442
253 459      0.00601097069
253 449      0.00561469093
253 42      0.00395587782
253 450      0.00539081131
254 435      0.00686368259
254 120      0.00491636016
254 255      0.00632171971
254 43      0.00341484087
255 254      0.00632171971
255 43      0.00590195622
255 433      0.00499926995
255 115      0.00585590203
256 341      0.00733618254
256 44      0.00722691954
256 257      0.00372362906
256 55      0.00492253491
257 97      0.00617264963
257 259      0.00505864162
257 44      0.00489610263
257 256      0.00372362906
258 256      0.00772476909
258 257      0.00754904595
258 260      0.00581976075
258 44      0.00449431611
259 98      0.00538123917
259 44      0.00514363449
259 257      0.00505864162
259 248      0.00423748896
260 259      0.00688998374
260 258      0.00581976075
260 44      0.00364326761
260 248      0.00580567771
261 237      0.00796368306
261 236      0.00650869095
261 39      0.00522936001
261 242      0.00597646161
262 224      0.00439594236
262 27      0.00435371029
262 226      0.00267233487
262 212      0.00251962397
263 3      0.00661844996
263 233      0.00597073644
263 2      0.00472974805
263 232      0.00558444926
264 515      0.00837720773
264 510      0.00724224086
264 40      0.00523336121
264 245      0.00653378342
265 124       0.0161697748
265 577       0.0151473718
265 304       0.0143271621
265 125       0.0100914334
266 122       0.0115611547
266 115       0.0110034944
266 42      0.00795457068
266 253      0.00931697833
267 81      0.00388008099
267 271      0.00383385471
267 83      0.00347529383
267 270      0.00380308644
268 272      0.00278682916
268 273      0.00273938293
268 84      0.00174536742
268 269      0.00247139147
269 81      0.00426253353
269 82      0.00252198837
269 268      0.00247139147
269 84      0.00187396129
270 392      0.00382857723
270 267      0.00380308644
270 85       0.0022479001
270 271      0.00366069765
271 270      0.00366069765
271 85      0.00347509071
271 86      0.00259639601
271 272      0.00272608023
272 84      0.00302595338
272 268      0.00278682916
272 271      0.00272608023
272 86      0.00190184171
273 86      0.00351678933
273 284      0.00347770654
273 268      0.00273938293
273 272      0.00338226451
274 275      0.00416811312
274 80      0.00351610607
274 273      0.00416804865
274 281      0.00349740497
275 79      0.00409352317
275 80      0.00309675536
275 87       0.0033833894
275 90      0.00303396589
276 89      0.00401135117
276 456      0.00369183845
276 87      0.00331564933
276 277      0.00331183291
277 89      0.00346820471
277 88      0.00332638881
277 458      0.00306362581
277 276      0.00331183291
278 276      0.00427516341
278 293      0.00416694993
278 283      0.00361017185
278 87      0.00336740548
279 278      0.00429360036
279 292      0.00378670297
279 89      0.00169981028
279 293      0.00166957916
280 277      0.00487123899
280 89      0.00419255079
280 295      0.00282668922
280 88      0.00373786556
281 90       0.0042272741
281 274      0.00349740497
281 284      0.00310686563
281 282      0.00226442087
282 92      0.00401647254
282 288      0.00380443975
282 281      0.00226442087
282 289      0.00375558208
283 290      0.00466695444
283 90      0.00368503286
283 92      0.00337070686
283 278      0.00361017185
284 273      0.00347770654
284 574      0.00312309265
284 91      0.00221556838
284 281      0.00310686563
285 91      0.00320243204
285 287      0.00274425271
285 309      0.00304451786
285 574      0.00248800455
286 271      0.00386977497
286 306      0.00362916665
286 287      0.00257965001
286 85      0.00205635027
287 574      0.00318504521
287 285      0.00274425271
287 286      0.00257965001
287 309      0.00251905407
288 289      0.00376158264
288 311      0.00357739767
288 91      0.00248366019
288 312       0.0032457584
289 288      0.00376158264
289 282      0.00375558208
289 92      0.00342236266
289 312      0.00325766484
290 102      0.00461789135
290 291      0.00442401444
290 92      0.00333501818
290 103      0.00358188053
291 292      0.00384429745
291 354      0.00373364402
291 93      0.00351347728
291 102      0.00293449873
292 291      0.00384429745
292 279      0.00378670297
292 293      0.00236915101
292 93      0.00261795665
293 278      0.00416694993
293 292      0.00236915101
293 89      0.00336876022
293 279      0.00166957916
294 292      0.00447512784
294 93      0.00383334901
294 295       0.0022774537
294 94      0.00236771217
295 279      0.00448494752
295 89      0.00448442522
295 294       0.0022774537
295 280      0.00282668922
296 341      0.00523932705
296 395       0.0040120467
296 96      0.00367485416
296 299      0.00287225256
297 302      0.00398891512
297 95      0.00382035338
297 394      0.00295128289
297 299      0.00257491367
298 60      0.00480379378
298 392        0.004662926
298 95      0.00393410595
298 303      0.00431906041
299 394      0.00418540567
299 395      0.00296916387
299 296      0.00287225256
299 297      0.00257491367
300 301      0.00682286521
300 305      0.00673531941
300 576      0.00488195271
300 436      0.00596996945
301 303      0.00586252127
301 99      0.00529642898
301 307      0.00367665206
301 306      0.00490724725
302 296      0.00589977652
302 305       0.0049934162
302 297      0.00398891512
302 299      0.00436579229
303 305      0.00662475221
303 301      0.00586252127
303 298      0.00431906041
303 95      0.00439424163
304 265       0.0143271621
304 122       0.0120236367
304 125       0.0080437895
304 124      0.00351011582
305 300      0.00673531941
305 303      0.00662475221
305 302       0.0049934162
305 570      0.00651269138
306 307      0.00488895746
306 309      0.00422053405
306 99      0.00374857628
306 286      0.00362916665
307 365      0.00415541092
307 301      0.00367665206
307 99      0.00249286679
307 308      0.00253143058
308 105      0.00389088737
308 99      0.00350378308
308 365      0.00192286481
308 307      0.00253143058
309 99      0.00390923854
309 100      0.00254636913
309 285      0.00304451786
309 287      0.00251905407
310 308      0.00417288729
310 311      0.00390705538
310 100        0.002994637
310 575       0.0032325933
311 310      0.00390705538
311 288      0.00357739767
311 100      0.00343733996
311 101      0.00328230631
312 362      0.00400840972
312 289      0.00325766484
312 101      0.00230117791
312 288       0.0032457584
313 317       0.0073450995
313 47      0.00579999029
313 314      0.00339380045
313 319      0.00571269522
314 49      0.00497401575
314 313      0.00339380045
314 47      0.00240672594
314 319      0.00319483355
315 404      0.00683263735
315 317      0.00655424878
315 316      0.00292658778
315 45       0.0058126864
316 65      0.00485895975
316 404      0.00407747307
316 315      0.00292658778
316 45      0.00397028946
317 330      0.00477690436
317 319      0.00389137483
317 46      0.00268543889
317 318      0.00385727432
318 49      0.00384463637
318 329      0.00338994352
318 46      0.00144283008
318 328      0.00175519612
319 314      0.00319483355
319 46      0.00307275312
319 49      0.00276437615
319 47      0.00281045402
320 47      0.00386529626
320 325      0.00383026447
320 323      0.00267428918
320 321      0.00310982705
321 325      0.00431706403
321 320      0.00310982705
321 323      0.00249641652
321 324      0.00190562284
322 48       0.0069251517
322 320      0.00589827553
322 321      0.00474786483
322 324      0.00583883375
323 50      0.00305172305
323 320      0.00267428918
323 325      0.00183350318
323 321      0.00249641652
324 323      0.00322795006
324 252       0.0031074612
324 321      0.00190562284
324 41      0.00298752118
325 49      0.00286789861
325 326      0.00257386258
325 323      0.00183350318
325 50      0.00204595686
326 325      0.00257386258
326 327      0.00216844435
326 50      0.00180220715
326 49      0.00192311383
327 252      0.00223102499
327 326      0.00216844435
327 50     0.000964972618
327 339      0.00185432227
328 46      0.00307769878
328 51      0.00302579443
328 318      0.00175519612
328 329      0.00168927552
329 54      0.00320164556
329 337      0.00307604655
329 328      0.00168927552
329 51      0.00147284763
330 332      0.00365980976
330 52      0.00364249504
330 331      0.00203529351
330 45      0.00343517047
331 332       0.0031640865
331 333      0.00260855044
331 330      0.00203529351
331 52       0.0016168616
332 52      0.00342521073
332 331       0.0031640865
332 45      0.00293954613
332 407      0.00305175281
333 53      0.00274762447
333 331      0.00260855044
333 334       0.0014599007
333 52      0.00125546486
334 335      0.00286786453
334 52      0.00247238834
334 53      0.00136808766
334 333       0.0014599007
335 334      0.00286786453
335 345      0.00224150395
335 336      0.00131262317
335 53      0.00164444037
336 53      0.00269908356
336 346      0.00190413439
336 345     0.000950339939
336 335      0.00131262317
337 339      0.00286354656
337 54      0.00181755059
337 338      0.00164143371
337 51      0.00164465669
338 57      0.00237878702
338 56      0.00234113797
338 54      0.00193843437
338 337      0.00164143371
339 337      0.00286354656
339 50      0.00271698037
339 340      0.00240369548
339 327      0.00185432227
340 57      0.00262357777
340 251      0.00251365532
340 342      0.00249140546
340 339      0.00240369548
341 571      0.00517353369
341 55      0.00507490285
341 342      0.00484624233
341 344      0.00499964299
342 41      0.00410312063
342 252      0.00316747978
342 340      0.00249140546
342 251      0.00182383393
343 54      0.00300604206
343 338      0.00288044391
343 56     0.000962268896
343 347      0.00142795978
344 340      0.00341090824
344 338      0.00300928202
344 57     0.000961598738
344 571       0.0015941764
345 348      0.00303549446
345 335      0.00224150395
345 336     0.000950339939
345 346     0.000953934344
346 350      0.00241512654
346 336      0.00190413439
346 348       0.0023038813
346 345     0.000953934344
347 352      0.00277994411
347 59      0.00202515833
347 56      0.00239022852
347 343      0.00142795978
348 351       0.0029528313
348 59      0.00248164461
348 349      0.00142652324
348 346       0.0023038813
349 351      0.00248577084
349 391      0.00212459847
349 348      0.00142652324
349 353      0.00201482133
350 348      0.00332093686
350 345       0.0031852019
350 393      0.00235992945
350 346      0.00241512654
351 391      0.00242574124
351 62      0.00212406034
351 61      0.00130314691
351 59      0.00142684362
352 59      0.00296359737
352 347      0.00277994411
352 58      0.00153298308
352 571      0.00194131877
353 60      0.00313186538
353 349      0.00201482133
353 393       0.0026034101
353 391      0.00165335866
354 521      0.00454410151
354 291      0.00373364402
354 102      0.00318247847
354 355      0.00242883362
355 102      0.00536677605
355 357      0.00428844778
355 354      0.00242883362
355 521      0.00408569561
356 357      0.00629927507
356 379      0.00623484101
356 535      0.00480029098
356 534      0.00560953401
357 359      0.00486567504
357 354      0.00458491909
357 355      0.00428844778
357 378      0.00295261736
358 362      0.00419763945
358 104      0.00405168409
358 103      0.00219689104
358 359      0.00230940247
359 103      0.00436733236
359 378      0.00412522881
359 358      0.00230940247
359 109      0.00306554908
360 362      0.00459058412
360 575      0.00453706575
360 101      0.00332651025
360 361       0.0033428221
361 104      0.00398656656
361 376      0.00391738635
361 360       0.0033428221
361 108      0.00266359091
362 101      0.00444258629
362 312      0.00400840972
362 358      0.00419763945
362 104      0.00296028723
363 107      0.00401641671
363 366      0.00369283353
363 364      0.00240959819
363 575      0.00321722815
364 366      0.00452914567
364 371      0.00321131576
364 107      0.00160683192
364 363      0.00240959819
365 307      0.00415541092
365 366      0.00370964701
365 105      0.00196809098
365 308      0.00192286481
366 365      0.00370964701
366 363      0.00369283353
366 105      0.00200042063
366 367      0.00245332053
367 370      0.00395740844
367 105      0.00394494918
367 366      0.00245332053
367 106      0.00389173363
368 106      0.00365948159
368 128      0.00327890386
368 119        0.002194234
368 369      0.00220567149
369 470      0.00374216375
369 370      0.00360329897
369 368      0.00220567149
369 373      0.00282795263
370 107      0.00374625531
370 369      0.00360329897
370 106      0.00220387619
370 371      0.00332585386
371 370      0.00332585386
371 364      0.00321131576
371 107      0.00160449289
371 372      0.00216580891
372 107      0.00375673378
372 382      0.00368555364
372 373        0.001898959
372 371      0.00216580891
373 470      0.00374951659
373 382      0.00284782695
373 372        0.001898959
373 369      0.00282795263
374 371      0.00450700306
374 381      0.00393143886
374 380      0.00160519896
374 108      0.00240580953
375 374      0.00454269135
375 109      0.00440190963
375 111      0.00280975034
375 376      0.00240529888
376 361      0.00391738635
376 109      0.00385690053
376 375      0.00240529888
376 104      0.00310841695
377 110      0.00373778356
377 109      0.00365185009
377 378      0.00220829575
377 379      0.00310314207
378 359      0.00412522881
378 109      0.00360633595
